%Various useful values defined in one place: standard colors used
%throughout, locations of the moorings within the stude area. 

SODAA = [73, -148.3202]; 
SODAB = [75.4639, -145.6369];
NAVSW = [74.4272, -147.9493];
SAVSE = [74.0827, -144.8833];
moorings = [SODAA; SODAB; NAVSW; SAVSE];
 
blue = [0, 0.4470, 0.7410]; 
red = [0.6350, 0.0780, 0.1840];
orange = [0.8500, 0.3250, 0.0980]; 	
green = [0.4660, 0.6740, 0.1880];
purple = [0.4940, 0.1840, 0.5560];
ltblue = [0.3010, 0.7450, 0.9330];
yellow = [0.929, 0.694, 0.125];
pink = [1.00, 0.07, 0.65];
